%YAML:1.0
H_mat: !!opencv-matrix
   rows: 3
   cols: 3
   dt: d
   data: [ -3.0831048490264383e-03, -2.4490685295818194e-03,
       4.5824121960042563e-01, 7.5636091070835042e-05,
       -7.5664977318359783e-03, 8.8878537914995781e-01,
       1.8716595452922734e-07, -7.9010639695490024e-06,
       -1.6653302985019931e-03 ]
